0 0 0 0 0 0 0 0 
0 1 0 0 0 0 0 0 
0 2 0 0 0 0 0 0 
0 3 0 0 0 0 0 0 
0 4 0 0 0 0 0 0 
0 5 0 0 0 0 0 0 
0 6 0 0 0 0 0 0 
0 7 0 0 0 0 0 0 
0 8 0 0 0 0 0 0 
0 9 0 0 0 0 0 0 
0 10 0 0 0 0 0 0 
0 11 0 0 0 0 0 0 
0 12 0 0 0 0 0 0 
0 13 0 0 0 0 0 0 
0 14 0 0 0 0 0 0 
0 15 0 0 0 0 0 0 
0 16 0 0 0 0 0 0 
0 17 0 0 0 0 0 0 
0 18 0 0 0 0 0 0 
0 19 0 0 0 0 0 0 
0 20 0 0 0 0 0 0 
0 21 0 0 0 0 0 0 
0 22 0 0 0 0 0 0 
0 23 0 0 0 0 0 0 
0 24 0 0 0 0 0 0 
0 25 0 0 0 0 0 0 
0 26 0 0 0 0 0 0 
0 27 0 0 0 0 0 0 
0 28 0 0 0 0 0 0 
0 29 0 0 0 0 0 0 
0 30 0 0 0 0 0 0 
0 31 0 0 0 0 0 0 
0 32 0 0 0 0 0 0 
0 33 0 0 0 0 0 0 
0 34 0 0 0 0 0 0 
0 35 0 0 0 0 0 0 
0 36 0 0 0 0 0 0 
1200 0 400 116 17 0 267 0 
1200 1 400 124 15 0 261 0 
1200 2 400 129 15 0 256 0 
1200 3 400 124 20 0 256 0 
1200 4 400 125 7 0 268 0 
1200 5 400 119 12 0 269 0 
1200 6 400 124 10 0 266 0 
1200 7 400 85 1 0 314 0 
1200 8 400 92 8 0 300 0 
1200 9 400 101 5 0 294 0 
1200 10 400 79 8 0 313 0 
1200 11 400 82 7 0 311 0 
1200 12 400 87 3 0 310 0 
1200 13 400 89 4 0 307 0 
1200 14 400 61 1 0 338 0 
1200 15 400 91 4 0 305 0 
1200 16 400 87 3 0 310 0 
1200 17 400 90 2 0 308 0 
1200 18 400 81 4 0 315 0 
1200 19 400 14 0 0 386 0 
1200 20 400 37 2 0 361 0 
1200 21 400 41 1 0 358 0 
1200 22 400 42 0 0 358 0 
1200 23 400 48 3 0 349 0 
1200 24 400 20 0 0 380 0 
1200 25 400 35 2 0 363 0 
1200 26 400 35 2 0 363 0 
1200 27 400 30 1 0 369 0 
1200 28 400 44 5 0 351 0 
1200 29 400 37 0 0 363 0 
1200 30 400 8 0 0 392 0 
1200 31 400 34 0 0 366 0 
1200 32 400 45 1 0 354 0 
1200 33 400 36 1 0 363 0 
1200 34 400 44 0 0 356 0 
1200 35 400 36 0 0 364 0 
1200 36 400 31 1 0 368 0 
2400 0 400 124 7 0 269 0 
2400 1 400 122 14 0 264 0 
2400 2 400 128 14 0 258 0 
2400 3 400 130 13 0 257 0 
2400 4 400 119 6 0 275 0 
2400 5 400 131 7 0 262 0 
2400 6 400 131 10 0 259 0 
2400 7 400 86 3 0 311 0 
2400 8 400 96 4 0 300 0 
2400 9 400 95 11 0 294 0 
2400 10 400 83 3 0 314 0 
2400 11 400 89 6 0 305 0 
2400 12 400 76 6 0 318 0 
2400 13 400 93 9 0 298 0 
2400 14 400 59 1 0 340 0 
2400 15 400 96 1 0 303 0 
2400 16 400 86 0 0 314 0 
2400 17 400 87 2 0 311 0 
2400 18 400 79 5 0 316 0 
2400 19 400 16 0 0 384 0 
2400 20 400 41 0 0 359 0 
2400 21 400 49 3 0 348 0 
2400 22 400 47 1 0 352 0 
2400 23 400 47 6 0 347 0 
2400 24 400 25 1 0 374 0 
2400 25 400 38 0 0 362 0 
2400 26 400 40 1 0 359 0 
2400 27 400 24 1 0 375 0 
2400 28 400 46 3 0 351 0 
2400 29 400 35 2 0 363 0 
2400 30 400 8 0 0 392 0 
2400 31 400 33 0 0 367 0 
2400 32 400 49 0 0 351 0 
2400 33 400 30 0 0 370 0 
2400 34 400 41 0 0 359 0 
2400 35 400 32 0 0 368 0 
2400 36 400 32 1 0 367 0 
3600 0 400 135 6 0 259 0 
3600 1 400 134 7 0 259 0 
3600 2 400 134 9 0 257 0 
3600 3 400 140 10 0 250 0 
3600 4 400 117 8 0 275 0 
3600 5 400 125 16 0 259 0 
3600 6 400 135 9 0 256 0 
3600 7 400 79 7 0 314 0 
3600 8 400 98 3 0 299 0 
3600 9 400 98 6 0 296 0 
3600 10 400 78 4 0 318 0 
3600 11 400 91 4 0 305 0 
3600 12 400 76 3 0 321 0 
3600 13 400 95 4 0 301 0 
3600 14 400 70 0 0 330 0 
3600 15 400 90 4 0 306 0 
3600 16 400 80 3 0 317 0 
3600 17 400 83 6 0 311 0 
3600 18 400 77 3 0 320 0 
3600 19 400 15 0 0 385 0 
3600 20 400 41 4 0 355 0 
3600 21 400 49 3 0 348 0 
3600 22 400 40 2 0 358 0 
3600 23 400 47 4 0 349 0 
3600 24 400 21 0 0 379 0 
3600 25 400 33 2 0 365 0 
3600 26 400 37 3 0 360 0 
3600 27 400 31 0 0 369 0 
3600 28 400 48 0 0 352 0 
3600 29 400 38 0 0 362 0 
3600 30 400 7 0 0 393 0 
3600 31 400 33 0 0 367 0 
3600 32 400 47 1 0 352 0 
3600 33 400 31 2 0 367 0 
3600 34 400 36 2 0 362 0 
3600 35 400 35 0 0 365 0 
3600 36 400 28 1 0 371 0 
4800 0 400 127 13 0 256 4 
4800 1 400 127 13 0 253 7 
4800 2 400 127 8 0 260 5 
4800 3 400 117 14 0 265 4 
4800 4 400 113 7 0 276 4 
4800 5 400 119 9 0 266 6 
4800 6 400 117 10 0 261 12 
4800 7 400 81 7 0 307 5 
4800 8 400 92 6 0 296 6 
4800 9 400 92 6 0 296 6 
4800 10 400 85 2 0 306 7 
4800 11 400 77 11 0 307 5 
4800 12 400 79 6 0 311 4 
4800 13 400 86 3 0 306 5 
4800 14 400 56 1 0 341 2 
4800 15 400 99 2 0 295 4 
4800 16 400 74 4 0 313 9 
4800 17 400 92 5 0 302 1 
4800 18 400 74 6 0 317 3 
4800 19 400 17 0 0 382 1 
4800 20 400 46 0 0 352 2 
4800 21 400 52 2 0 343 3 
4800 22 400 45 2 0 349 4 
4800 23 400 45 5 0 349 1 
4800 24 400 25 0 0 374 1 
4800 25 400 31 4 0 365 0 
4800 26 400 30 3 0 364 3 
4800 27 400 26 1 0 372 1 
4800 28 400 47 4 0 346 3 
4800 29 400 33 0 0 362 5 
4800 30 400 7 1 0 392 0 
4800 31 400 31 0 0 368 1 
4800 32 400 48 1 0 348 3 
4800 33 400 29 3 0 368 0 
4800 34 400 32 2 0 365 1 
4800 35 400 29 3 0 367 1 
4800 36 400 21 4 0 374 1 
6000 0 400 128 1 0 268 3 
6000 1 400 117 2 0 276 5 
6000 2 400 117 5 0 271 7 
6000 3 400 122 4 0 268 6 
6000 4 400 105 5 0 285 5 
6000 5 400 110 8 0 280 2 
6000 6 400 119 4 0 273 4 
6000 7 400 74 1 0 323 2 
6000 8 400 91 1 0 307 1 
6000 9 400 93 1 0 305 1 
6000 10 400 74 1 0 324 1 
6000 11 400 80 2 0 316 2 
6000 12 400 76 2 0 319 3 
6000 13 400 82 4 0 310 4 
6000 14 400 60 3 0 334 3 
6000 15 400 84 0 0 315 1 
6000 16 400 74 2 0 322 2 
6000 17 400 80 1 0 317 2 
6000 18 400 72 0 0 326 2 
6000 19 400 14 0 0 386 0 
6000 20 400 36 0 0 364 0 
6000 21 400 41 0 0 359 0 
6000 22 400 32 1 0 365 2 
6000 23 400 47 0 0 351 2 
6000 24 400 20 0 0 380 0 
6000 25 400 31 3 0 366 0 
6000 26 400 35 3 0 360 2 
6000 27 400 24 1 0 374 1 
6000 28 400 47 0 0 351 2 
6000 29 400 29 1 0 370 0 
6000 30 400 4 0 0 396 0 
6000 31 400 26 0 0 374 0 
6000 32 400 47 0 0 353 0 
6000 33 400 23 0 0 377 0 
6000 34 400 32 0 0 368 0 
6000 35 400 25 0 0 375 0 
6000 36 400 19 0 0 381 0 
7200 0 400 112 2 0 284 2 
7200 1 400 117 2 0 280 1 
7200 2 400 119 1 0 279 1 
7200 3 400 120 3 0 275 2 
7200 4 400 113 1 0 286 0 
7200 5 400 113 3 0 282 2 
7200 6 400 121 1 0 278 0 
7200 7 400 65 1 0 333 1 
7200 8 400 88 1 0 311 0 
7200 9 400 89 0 0 310 1 
7200 10 400 68 0 0 332 0 
7200 11 400 76 1 0 322 1 
7200 12 400 73 0 0 325 2 
7200 13 400 82 0 0 314 4 
7200 14 400 61 0 0 339 0 
7200 15 400 77 0 0 323 0 
7200 16 400 67 1 0 330 2 
7200 17 400 71 0 0 327 2 
7200 18 400 71 3 0 326 0 
7200 19 400 10 0 0 390 0 
7200 20 400 35 0 0 365 0 
7200 21 400 35 1 0 363 1 
7200 22 400 34 1 0 364 1 
7200 23 400 43 1 0 352 4 
7200 24 400 18 0 0 382 0 
7200 25 400 27 0 0 373 0 
7200 26 400 30 0 0 370 0 
7200 27 400 19 0 0 381 0 
7200 28 400 41 0 0 358 1 
7200 29 400 35 0 0 365 0 
7200 30 400 9 0 0 391 0 
7200 31 400 22 1 0 377 0 
7200 32 400 42 0 0 357 1 
7200 33 400 24 0 0 376 0 
7200 34 400 29 0 0 371 0 
7200 35 400 33 0 0 367 0 
7200 36 400 18 2 0 380 0 
8400 0 400 116 1 0 281 2 
8400 1 400 118 3 0 279 0 
8400 2 400 115 2 0 283 0 
8400 3 400 114 1 0 284 1 
8400 4 400 111 0 0 289 0 
8400 5 400 103 0 0 294 3 
8400 6 400 107 2 0 288 3 
8400 7 400 68 0 0 329 3 
8400 8 400 86 1 0 312 1 
8400 9 400 86 3 0 310 1 
8400 10 400 69 0 0 331 0 
8400 11 400 70 1 0 327 2 
8400 12 400 68 0 0 330 2 
8400 13 400 85 0 0 314 1 
8400 14 400 57 0 0 343 0 
8400 15 400 77 0 0 322 1 
8400 16 400 70 0 0 329 1 
8400 17 400 71 1 0 328 0 
8400 18 400 65 1 0 330 4 
8400 19 400 10 0 0 390 0 
8400 20 400 29 0 0 371 0 
8400 21 400 39 4 0 357 0 
8400 22 400 32 0 0 367 1 
8400 23 400 37 2 0 361 0 
8400 24 400 13 0 0 387 0 
8400 25 400 24 0 0 376 0 
8400 26 400 30 0 0 370 0 
8400 27 400 17 0 0 383 0 
8400 28 400 39 0 0 359 2 
8400 29 400 24 0 0 376 0 
8400 30 400 6 0 0 394 0 
8400 31 400 21 0 0 379 0 
8400 32 400 34 0 0 366 0 
8400 33 400 24 0 0 376 0 
8400 34 400 30 0 0 370 0 
8400 35 400 21 0 0 379 0 
8400 36 400 19 0 0 381 0 
9600 0 400 113 0 0 286 1 
9600 1 400 107 1 0 291 1 
9600 2 400 102 0 0 297 1 
9600 3 400 121 0 0 276 3 
9600 4 400 95 0 0 302 3 
9600 5 400 104 0 0 294 2 
9600 6 400 100 2 0 297 1 
9600 7 400 59 0 0 341 0 
9600 8 400 82 0 0 318 0 
9600 9 400 88 0 0 311 1 
9600 10 400 62 0 0 337 1 
9600 11 400 77 1 0 322 0 
9600 12 400 65 0 0 335 0 
9600 13 400 83 0 0 316 1 
9600 14 400 54 0 0 344 2 
9600 15 400 73 0 0 327 0 
9600 16 400 73 0 0 325 2 
9600 17 400 76 1 0 323 0 
9600 18 400 59 0 0 338 3 
9600 19 400 9 0 0 391 0 
9600 20 400 32 0 0 367 1 
9600 21 400 35 0 0 364 1 
9600 22 400 31 0 0 369 0 
9600 23 400 40 1 0 359 0 
9600 24 400 7 0 0 393 0 
9600 25 400 25 0 0 375 0 
9600 26 400 25 0 0 375 0 
9600 27 400 19 0 0 381 0 
9600 28 400 36 0 0 359 5 
9600 29 400 23 0 0 377 0 
9600 30 400 3 0 0 397 0 
9600 31 400 22 0 0 378 0 
9600 32 400 33 0 0 366 1 
9600 33 400 18 0 0 382 0 
9600 34 400 21 0 0 379 0 
9600 35 400 23 1 0 376 0 
9600 36 400 19 1 0 380 0 
10800 0 400 106 3 0 290 1 
10800 1 400 101 1 0 297 1 
10800 2 400 95 1 0 301 3 
10800 3 400 112 1 0 287 0 
10800 4 400 88 1 0 310 1 
10800 5 400 97 1 0 300 2 
10800 6 400 93 2 0 303 2 
10800 7 400 61 0 0 338 1 
10800 8 400 78 0 0 322 0 
10800 9 400 81 0 0 319 0 
10800 10 400 57 0 0 342 1 
10800 11 400 67 0 0 331 2 
10800 12 400 64 2 0 330 4 
10800 13 400 71 1 0 327 1 
10800 14 400 50 0 0 350 0 
10800 15 400 64 0 0 336 0 
10800 16 400 69 1 0 328 2 
10800 17 400 59 1 0 340 0 
10800 18 400 59 1 0 339 1 
10800 19 400 7 0 0 393 0 
10800 20 400 30 0 0 370 0 
10800 21 400 29 0 0 371 0 
10800 22 400 35 0 0 365 0 
10800 23 400 40 0 0 360 0 
10800 24 400 9 0 0 391 0 
10800 25 400 24 0 0 376 0 
10800 26 400 29 0 0 371 0 
10800 27 400 16 0 0 384 0 
10800 28 400 33 0 0 367 0 
10800 29 400 23 0 0 377 0 
10800 30 400 4 0 0 396 0 
10800 31 400 21 0 0 379 0 
10800 32 400 34 0 0 365 1 
10800 33 400 14 0 0 386 0 
10800 34 400 18 0 0 382 0 
10800 35 400 22 0 0 378 0 
10800 36 400 17 0 0 383 0 
12000 0 400 106 0 0 292 2 
12000 1 400 98 0 0 301 1 
12000 2 400 93 0 0 305 2 
12000 3 400 106 0 0 294 0 
12000 4 400 90 0 0 308 2 
12000 5 400 83 0 0 317 0 
12000 6 400 93 1 0 306 0 
12000 7 400 53 0 0 346 1 
12000 8 400 75 0 0 325 0 
12000 9 400 77 0 0 320 3 
12000 10 400 58 0 0 341 1 
12000 11 400 59 0 0 338 3 
12000 12 400 58 0 0 339 3 
12000 13 400 74 0 0 322 4 
12000 14 400 35 0 0 365 0 
12000 15 400 71 0 0 329 0 
12000 16 400 64 0 0 335 1 
12000 17 400 61 1 0 338 0 
12000 18 400 56 0 0 343 1 
12000 19 400 8 0 0 392 0 
12000 20 400 28 0 0 372 0 
12000 21 400 27 0 0 373 0 
12000 22 400 26 0 0 374 0 
12000 23 400 36 0 0 363 1 
12000 24 400 8 0 0 392 0 
12000 25 400 17 0 0 383 0 
12000 26 400 25 0 0 375 0 
12000 27 400 12 0 0 388 0 
12000 28 400 30 0 0 370 0 
12000 29 400 23 0 0 377 0 
12000 30 400 5 0 0 395 0 
12000 31 400 21 0 0 379 0 
12000 32 400 29 0 0 371 0 
12000 33 400 14 0 0 386 0 
12000 34 400 18 0 0 382 0 
12000 35 400 18 0 0 382 0 
12000 36 400 14 0 0 386 0 
13200 0 400 102 0 0 297 1 
13200 1 400 97 1 0 299 3 
13200 2 400 96 1 0 303 0 
13200 3 400 95 0 0 305 0 
13200 4 400 73 0 0 327 0 
13200 5 400 83 0 0 317 0 
13200 6 400 88 1 0 311 0 
13200 7 400 52 2 0 346 0 
13200 8 400 71 0 0 329 0 
13200 9 400 78 0 0 321 1 
13200 10 400 53 0 0 346 1 
13200 11 400 59 0 0 341 0 
13200 12 400 57 0 0 343 0 
13200 13 400 71 0 0 329 0 
13200 14 400 48 0 0 352 0 
13200 15 400 60 0 0 340 0 
13200 16 400 57 0 0 343 0 
13200 17 400 60 0 0 340 0 
13200 18 400 55 0 0 345 0 
13200 19 400 7 0 0 393 0 
13200 20 400 24 0 0 376 0 
13200 21 400 28 0 0 372 0 
13200 22 400 28 0 0 372 0 
13200 23 400 34 0 0 366 0 
13200 24 400 11 0 0 389 0 
13200 25 400 16 0 0 384 0 
13200 26 400 19 0 0 381 0 
13200 27 400 12 0 0 388 0 
13200 28 400 33 0 0 367 0 
13200 29 400 21 0 0 379 0 
13200 30 400 2 0 0 398 0 
13200 31 400 15 0 0 385 0 
13200 32 400 30 0 0 370 0 
13200 33 400 13 0 0 387 0 
13200 34 400 16 0 0 384 0 
13200 35 400 19 0 0 381 0 
13200 36 400 16 0 0 384 0 
14400 0 400 91 0 0 308 1 
14400 1 400 85 0 0 314 1 
14400 2 400 86 0 0 313 1 
14400 3 400 90 0 0 308 2 
14400 4 400 80 0 0 319 1 
14400 5 400 84 1 0 315 0 
14400 6 400 85 0 0 313 2 
14400 7 400 57 0 0 342 1 
14400 8 400 72 0 0 327 1 
14400 9 400 75 0 0 324 1 
14400 10 400 56 0 0 342 2 
14400 11 400 54 0 0 346 0 
14400 12 400 55 0 0 345 0 
14400 13 400 70 0 0 330 0 
14400 14 400 45 0 0 355 0 
14400 15 400 57 0 0 342 1 
14400 16 400 60 0 0 340 0 
14400 17 400 54 0 0 346 0 
14400 18 400 46 0 0 351 3 
14400 19 400 6 0 0 394 0 
14400 20 400 18 0 0 382 0 
14400 21 400 24 0 0 376 0 
14400 22 400 26 0 0 374 0 
14400 23 400 34 0 0 365 1 
14400 24 400 7 0 0 393 0 
14400 25 400 12 0 0 388 0 
14400 26 400 21 0 0 379 0 
14400 27 400 8 0 0 392 0 
14400 28 400 25 0 0 375 0 
14400 29 400 16 0 0 384 0 
14400 30 400 2 0 0 398 0 
14400 31 400 16 0 0 384 0 
14400 32 400 30 0 0 370 0 
14400 33 400 12 0 0 388 0 
14400 34 400 17 0 0 383 0 
14400 35 400 15 0 0 385 0 
14400 36 400 11 0 0 389 0 
15600 0 400 92 1 0 307 0 
15600 1 400 79 0 0 320 1 
15600 2 400 82 2 0 315 1 
15600 3 400 80 1 0 319 0 
15600 4 400 83 0 0 317 0 
15600 5 400 76 0 0 323 1 
15600 6 400 74 0 0 323 3 
15600 7 400 44 0 0 355 1 
15600 8 400 71 0 0 329 0 
15600 9 400 67 0 0 329 4 
15600 10 400 50 0 0 350 0 
15600 11 400 58 0 0 342 0 
15600 12 400 54 0 0 346 0 
15600 13 400 68 0 0 329 3 
15600 14 400 38 0 0 362 0 
15600 15 400 58 0 0 342 0 
15600 16 400 56 0 0 344 0 
15600 17 400 52 0 0 347 1 
15600 18 400 42 0 0 355 3 
15600 19 400 7 0 0 393 0 
15600 20 400 22 0 0 378 0 
15600 21 400 19 0 0 381 0 
15600 22 400 32 0 0 368 0 
15600 23 400 34 0 0 366 0 
15600 24 400 8 0 0 392 0 
15600 25 400 15 0 0 385 0 
15600 26 400 20 0 0 380 0 
15600 27 400 10 0 0 390 0 
15600 28 400 28 0 0 372 0 
15600 29 400 17 0 0 383 0 
15600 30 400 1 0 0 399 0 
15600 31 400 15 0 0 385 0 
15600 32 400 24 0 0 376 0 
15600 33 400 11 0 0 389 0 
15600 34 400 15 0 0 385 0 
15600 35 400 16 0 0 384 0 
15600 36 400 10 0 0 390 0 
16800 0 400 88 0 0 310 2 
16800 1 400 84 0 0 316 0 
16800 2 400 77 0 0 321 2 
16800 3 400 86 0 0 312 2 
16800 4 400 68 0 0 332 0 
16800 5 400 78 0 0 321 1 
16800 6 400 66 0 0 333 1 
16800 7 400 47 0 0 353 0 
16800 8 400 67 0 0 333 0 
16800 9 400 70 0 0 330 0 
16800 10 400 53 0 0 347 0 
16800 11 400 54 1 0 345 0 
16800 12 400 50 0 0 348 2 
16800 13 400 63 0 0 337 0 
16800 14 400 33 0 0 367 0 
16800 15 400 61 0 0 338 1 
16800 16 400 55 0 0 345 0 
16800 17 400 54 0 0 346 0 
16800 18 400 46 0 0 353 1 
16800 19 400 3 0 0 397 0 
16800 20 400 15 0 0 385 0 
16800 21 400 20 0 0 380 0 
16800 22 400 27 0 0 373 0 
16800 23 400 32 0 0 367 1 
16800 24 400 5 0 0 395 0 
16800 25 400 13 0 0 387 0 
16800 26 400 20 0 0 380 0 
16800 27 400 9 0 0 391 0 
16800 28 400 29 0 0 371 0 
16800 29 400 16 0 0 384 0 
16800 30 400 1 0 0 399 0 
16800 31 400 14 0 0 386 0 
16800 32 400 27 0 0 372 1 
16800 33 400 10 0 0 390 0 
16800 34 400 11 0 0 389 0 
16800 35 400 12 0 0 388 0 
16800 36 400 5 0 0 395 0 
18000 0 400 88 1 0 311 0 
18000 1 400 78 0 0 322 0 
18000 2 400 75 1 0 324 0 
18000 3 400 74 0 0 326 0 
18000 4 400 64 0 0 335 1 
18000 5 400 79 1 0 319 1 
18000 6 400 69 0 0 329 2 
18000 7 400 44 0 0 354 2 
18000 8 400 66 0 0 334 0 
18000 9 400 70 0 0 330 0 
18000 10 400 48 0 0 352 0 
18000 11 400 56 0 0 342 2 
18000 12 400 51 0 0 348 1 
18000 13 400 63 0 0 337 0 
18000 14 400 34 0 0 366 0 
18000 15 400 58 0 0 339 3 
18000 16 400 52 0 0 346 2 
18000 17 400 48 0 0 352 0 
18000 18 400 45 0 0 355 0 
18000 19 400 4 0 0 396 0 
18000 20 400 18 0 0 382 0 
18000 21 400 18 0 0 382 0 
18000 22 400 23 0 0 377 0 
18000 23 400 33 0 0 366 1 
18000 24 400 9 0 0 391 0 
18000 25 400 15 0 0 385 0 
18000 26 400 18 0 0 382 0 
18000 27 400 10 0 0 390 0 
18000 28 400 27 0 0 373 0 
18000 29 400 13 0 0 387 0 
18000 30 400 1 0 0 399 0 
18000 31 400 13 0 0 387 0 
18000 32 400 25 0 0 375 0 
18000 33 400 9 0 0 391 0 
18000 34 400 12 0 0 388 0 
18000 35 400 11 0 0 389 0 
18000 36 400 7 0 0 393 0 
19200 0 400 80 0 0 320 0 
19200 1 400 72 2 0 325 1 
19200 2 400 68 2 0 329 1 
19200 3 400 74 0 0 324 2 
19200 4 400 64 1 0 335 0 
19200 5 400 74 0 0 326 0 
19200 6 400 67 0 0 332 1 
19200 7 400 41 0 0 357 2 
19200 8 400 63 0 0 337 0 
19200 9 400 64 0 0 334 2 
19200 10 400 45 0 0 354 1 
19200 11 400 49 0 0 350 1 
19200 12 400 48 0 0 352 0 
19200 13 400 61 0 0 337 2 
19200 14 400 31 0 0 369 0 
19200 15 400 52 0 0 348 0 
19200 16 400 54 0 0 345 1 
19200 17 400 47 0 0 353 0 
19200 18 400 35 0 0 364 1 
19200 19 400 4 0 0 396 0 
19200 20 400 21 0 0 379 0 
19200 21 400 16 0 0 384 0 
19200 22 400 24 0 0 376 0 
19200 23 400 31 0 0 369 0 
19200 24 400 5 0 0 395 0 
19200 25 400 11 0 0 389 0 
19200 26 400 13 0 0 387 0 
19200 27 400 10 0 0 390 0 
19200 28 400 22 0 0 378 0 
19200 29 400 17 0 0 383 0 
19200 30 400 1 0 0 399 0 
19200 31 400 11 0 0 389 0 
19200 32 400 22 0 0 378 0 
19200 33 400 9 0 0 391 0 
19200 34 400 11 0 0 389 0 
19200 35 400 13 0 0 387 0 
19200 36 400 8 0 0 392 0 
20400 0 400 89 0 0 311 0 
20400 1 400 70 2 0 327 1 
20400 2 400 66 0 0 334 0 
20400 3 400 78 0 0 322 0 
20400 4 400 59 0 0 340 1 
20400 5 400 66 0 0 334 0 
20400 6 400 66 2 0 332 0 
20400 7 400 41 0 0 359 0 
20400 8 400 66 0 0 333 1 
20400 9 400 65 2 0 333 0 
20400 10 400 48 0 0 352 0 
20400 11 400 48 0 0 350 2 
20400 12 400 49 0 0 351 0 
20400 13 400 55 0 0 343 2 
20400 14 400 32 0 0 368 0 
20400 15 400 55 0 0 345 0 
20400 16 400 48 0 0 352 0 
20400 17 400 44 0 0 356 0 
20400 18 400 40 0 0 359 1 
20400 19 400 2 0 0 398 0 
20400 20 400 16 0 0 384 0 
20400 21 400 17 0 0 383 0 
20400 22 400 24 0 0 376 0 
20400 23 400 28 2 0 370 0 
20400 24 400 6 0 0 394 0 
20400 25 400 12 0 0 388 0 
20400 26 400 15 0 0 385 0 
20400 27 400 7 0 0 393 0 
20400 28 400 22 0 0 378 0 
20400 29 400 9 0 0 391 0 
20400 30 400 1 0 0 399 0 
20400 31 400 9 0 0 391 0 
20400 32 400 20 0 0 380 0 
20400 33 400 7 0 0 393 0 
20400 34 400 11 0 0 389 0 
20400 35 400 12 0 0 388 0 
20400 36 400 8 0 0 392 0 
21600 0 400 77 0 0 323 0 
21600 1 400 64 0 0 336 0 
21600 2 400 74 0 0 326 0 
21600 3 400 69 1 0 330 0 
21600 4 400 61 1 0 338 0 
21600 5 400 68 2 0 330 0 
21600 6 400 58 0 0 340 2 
21600 7 400 38 0 0 362 0 
21600 8 400 58 0 0 340 2 
21600 9 400 61 0 0 338 1 
21600 10 400 41 0 0 359 0 
21600 11 400 48 0 0 351 1 
21600 12 400 43 0 0 357 0 
21600 13 400 58 0 0 341 1 
21600 14 400 32 0 0 368 0 
21600 15 400 48 0 0 352 0 
21600 16 400 52 0 0 348 0 
21600 17 400 46 0 0 354 0 
21600 18 400 36 0 0 363 1 
21600 19 400 2 0 0 398 0 
21600 20 400 13 0 0 387 0 
21600 21 400 17 0 0 382 1 
21600 22 400 19 0 0 381 0 
21600 23 400 25 0 0 375 0 
21600 24 400 1 0 0 399 0 
21600 25 400 8 0 0 392 0 
21600 26 400 11 0 0 389 0 
21600 27 400 9 0 0 391 0 
21600 28 400 19 0 0 381 0 
21600 29 400 10 0 0 390 0 
21600 30 400 0 0 0 400 0 
21600 31 400 11 0 0 389 0 
21600 32 400 24 0 0 376 0 
21600 33 400 7 0 0 393 0 
21600 34 400 10 0 0 390 0 
21600 35 400 9 0 0 391 0 
21600 36 400 4 0 0 396 0 
22800 0 400 77 0 0 323 0 
22800 1 400 70 0 0 328 2 
22800 2 400 66 0 0 332 2 
22800 3 400 58 0 0 342 0 
22800 4 400 62 0 0 337 1 
22800 5 400 65 0 0 335 0 
22800 6 400 60 0 0 340 0 
22800 7 400 38 0 0 362 0 
22800 8 400 62 0 0 337 1 
22800 9 400 61 0 0 337 2 
22800 10 400 43 0 0 356 1 
22800 11 400 46 0 0 354 0 
22800 12 400 47 0 0 353 0 
22800 13 400 60 0 0 340 0 
22800 14 400 33 0 0 367 0 
22800 15 400 49 0 0 351 0 
22800 16 400 53 0 0 347 0 
22800 17 400 42 0 0 357 1 
22800 18 400 39 0 0 361 0 
22800 19 400 1 0 0 399 0 
22800 20 400 20 0 0 380 0 
22800 21 400 15 0 0 385 0 
22800 22 400 22 0 0 378 0 
22800 23 400 31 0 0 369 0 
22800 24 400 8 0 0 392 0 
22800 25 400 10 0 0 390 0 
22800 26 400 16 0 0 384 0 
22800 27 400 11 0 0 389 0 
22800 28 400 15 0 0 385 0 
22800 29 400 10 0 0 390 0 
22800 30 400 0 0 0 400 0 
22800 31 400 10 0 0 390 0 
22800 32 400 24 0 0 376 0 
22800 33 400 8 0 0 392 0 
22800 34 400 10 0 0 390 0 
22800 35 400 6 0 0 394 0 
22800 36 400 5 0 0 395 0 
